4.99999999e+08

---------------------------Half----------------------------
Iteration    a            b            Tolerance   
1            -2.000000    2.000000     2.000000    
2            -2.000000    0.000000     1.000000    
3            -2.000000    -1.000000    0.500000    
4            -1.500000    -1.000000    0.250000    
5            -1.250000    -1.000000    0.125000    
6            -1.125000    -1.000000    0.062500    
7            -1.062500    -1.000000    0.031250    
8            -1.062500    -1.031250    0.015625    
9            -1.046875    -1.031250    0.007812    
10           -1.046875    -1.039062    0.003906    
11           -1.046875    -1.042969    0.001953    
12           -1.044922    -1.042969    0.000977    
13           -1.044922    -1.043945    0.000488    
14           -1.044922    -1.044434    0.000244    
15           -1.044922    -1.044678    0.000122    
16           -1.044800    -1.044678    0.000061    

Approximate root: -1.044739

-----------------------------------------------------------

---------------------------Newton----------------------------
Iteration    x            Tolerance   
1            0.200000     0.200000    
2            0.200323     0.000323    
3            0.200323     0.000000    

Approximate root: 0.200323

-------------------------------------------------------------

---------------------------SimpleIteration----------------------------
Iteration    x            Tolerance   
1            0.200000     0.200000    
2            0.000320     0.199680    
3            0.199680     0.199360    
4            0.000637     0.199043    
5            0.199363     0.198725    
6            0.000952     0.198410    
7            0.199048     0.198095    
8            0.001265     0.197783    
9            0.198735     0.197470    
10           0.001575     0.197160    
11           0.198425     0.196850    
12           0.001882     0.196543    
13           0.198118     0.196235    
14           0.002188     0.195930    
15           0.197812     0.195625    
16           0.002491     0.195322    
17           0.197509     0.195019    
18           0.002791     0.194718    
19           0.197209     0.194418    
20           0.003089     0.194120    
Maximum number of iterations reached.

Approximate root: 0.003089

----------------------------------------------------------------------

---------------------------Chord----------------------------
Iteration    x0           x1           Tolerance   
1            0.000000     -2.000000    1.986667    
2            -2.000000    -0.013333    0.014121    
3            -0.013333    -0.027454    0.227455    
4            -0.027454    0.200000     0.000320    
5            0.200000     0.200320     0.000002    

Approximate rootChord: 0.200323

------------------------------------------------------------

---------------------------Secant----------------------------
Iteration    x            f(x)         Tolerance   
0            -0.013333    -29.800000   1.986667    
1            -0.027454    0.213333     0.014121    
2            0.200000     0.227454     0.227455    
3            0.200320     0.000320     0.000320    

Converged with tolerance: 1.000000e-04
Approximate root: 0.20032045

-------------------------------------------------------------


+------------------------------------------------------------------------+
|                          Algebraic Equations                           |
+------------------------------------------------------------------------+



---------------------------Kramer----------------------------
Roots:
x1 = 5.00
x2 = -1.00
x3 = 1.00

-------------------------------------------------------------

---------------------------Gauss----------------------------
Roots:
x1 = 5.00
x2 = -1.00
x3 = 1.00

------------------------------------------------------------
